96
63
66
18
99
70
57
42
13
39
70
10
78
60
8
82
89
21
54
80
24
38
95
34
18
72
34
52
78
28
8
28
85
81
51
61
4
47
31
85
62
37
100
5
42
62
97
16
11
52
51
49
33
45
83
43
29
94
47
93
75
57
17
27
38
99
70
12
30
98
87
68
42
8
42
7
29
29
52
82
33
0
11
7
90
20
3
60
16
5
36
98
6
35
53
25
88
26
68
85
2
33
50
61
8
49
22
41
97
20
72
36
32
41
42
89
79
31
78
42
37
18
4
49
35
87
24
3
41
40
8
10
53
41
79
38
47
41
77
0
88
31
74
81
99
27
3
64
37
41
60
20
48
37
22
95
51
89
38
10
4
37
45
44
90
99
11
28
29
66
53
57
9
38
72
3
36
78
36
59
31
54
76
78
78
32
88
11
33
2
29
45
69
27
45
28
38
15
28
10
56
84
31
83
79
45
37
8
58
19
2
73
87
61
87
7
72
12
95
72
86
40
29
5
37
78
6
84
94
91
22
35
39
58
68
49
36
95
39
41
20
53
53
91
35
97
82
92
74
57
38
23
34
57
66
25
