25
66
57
34
23
38
57
74
92
82
97
35
91
53
53
20
41
39
95
36
49
68
58
39
35
22
91
94
84
6
78
37
5
29
40
86
72
95
12
72
7
87
61
87
73
2
19
58
8
37
45
79
83
31
84
56
10
28
15
38
28
45
27
69
45
29
2
33
11
88
32
78
78
76
54
31
59
36
78
36
3
72
38
9
57
53
66
29
28
11
99
90
44
45
37
4
10
38
89
51
95
22
37
48
20
60
41
37
64
3
27
99
81
74
31
88
0
77
41
47
38
79
41
53
10
8
40
41
3
24
87
35
49
4
18
37
42
78
31
79
89
42
41
32
36
72
20
97
41
22
49
8
61
50
33
2
85
68
26
88
25
53
35
6
98
36
5
16
60
3
20
90
7
11
0
33
82
52
29
29
7
42
8
42
68
87
98
30
12
70
99
38
27
17
57
75
93
47
94
29
43
83
45
33
49
51
52
11
16
97
62
42
5
100
37
62
85
31
47
4
61
51
81
85
28
8
28
78
52
34
72
18
34
95
38
24
80
54
21
89
82
8
60
78
10
70
39
13
42
57
70
99
18
66
63
96
